5
8 4 2
16 40 20
2 1 1
3 5 3
4 4 4
25
1 2 6.2 A 1000 2000 1 22043 5 1 1 1 2 1 3 1 4 1 5  
1 2 18.1 A 500 750 0 
1 3 15.4 B 400 600 0 
1 4 15.4 B 600 800 0 
1 5 15.4 B 800 1000 0 
2 3 15.4 B 750 900 0 
2 3 20.1 C 350 400 1 33683 20 1 1 1 2 1 3 1 4 1 5 1 6 1 7 1 8 1 9 1 10 1 11 1 12 1 13 1 14 1 15 1 16 2 1 2 2 2 3 2 4  
2 4 15.4 D 550 600 0 
2 5 15.4 E 750 800 0 
2 5 7.3 E 250 9000 0 
3 1 18 A 10000 20000 1 43544 1 1 1  
3 2 18 B 10000 20000 0 
3 1 12 C 10000 20000 0 
3 2 11 D 10000 20000 0 
3 2 15 E 10000 20000 0 
4 2 5.55 A 555 555 0 
4 3 5.55 B 555 555 0 
4 5 5.55 C 555 555 0 
4 5 10.55 D 555 555 0 
4 5 15.55 E 555 555 0 
5 2 9.1 A 100 500 0 
5 3 10.5 A 100 500 0 
5 3 13 A 100 500 0 
5 4 14.4 A 100 500 0 
5 4 16.2 A 100 500 0 

